,epoch,decoder_0,sindy_x_0,reg_0,sindy_z_0,active_coeffs_0,coeff_0,decoder_1,sindy_x_1,reg_1,sindy_z_1,active_coeffs_1,coeff_1,decoder_2,sindy_x_2,reg_2,sindy_z_2,active_coeffs_2,coeff_2,decoder_3,sindy_x_3,reg_3,sindy_z_3,active_coeffs_3,coeff_3,decoder_4,sindy_x_4,reg_4,sindy_z_4,active_coeffs_4,coeff_4,decoder_5,sindy_x_5,reg_5,sindy_z_5,active_coeffs_5,coeff_5
0,0.0,0.16726820170879364,0.004272262565791607,4.999999873689376e-05,0.0,60,0.0,0.17717894911766052,0.0055362749844789505,4.999999873689376e-05,0.0,60,0.0,0.16577115654945374,0.006296264007687569,4.999999873689376e-05,0.0,60,0.0,0.20672038197517395,0.005113962572067976,4.999999873689376e-05,0.0,60,0.0,0.18226012587547302,0.005038148257881403,4.999999873689376e-05,0.0,60,0.0,0.21091818809509277,0.007162866648286581,4.999999873689376e-05,0.0,60,0.0
1,50.0,0.0006727381842210889,0.0006690495065413415,4.1729246731847525e-05,0.0,60,0.0,0.0009673198219388723,0.0008872426697053015,4.576311766868457e-05,0.0,60,0.0,0.0012005808530375361,0.0009686602279543877,4.728285057353787e-05,0.0,60,0.0,0.0015944467158988118,0.0014311543200165033,4.272888327250257e-05,0.0,60,0.0,0.0006761081167496741,0.0006730079185217619,4.1908388084266335e-05,0.0,60,0.0,0.001534082693979144,0.001971382647752762,4.34924331784714e-05,0.0,60,0.0
2,100.0,0.00025763834128156304,0.00031340785790234804,4.8833877372089773e-05,0.0,50,0.0,0.0003545170766301453,0.00042412657057866454,5.441176472231746e-05,0.0,57,0.0,0.0004242856230121106,0.00041867676191031933,5.776240141130984e-05,0.0,56,0.0,0.00042259457404725254,0.000739788287319243,5.2744453569175676e-05,0.0,57,0.0,0.0002838526852428913,0.00029837246984243393,5.1944301958428696e-05,0.0,54,0.0,0.0005924359429627657,0.0007009176770225167,5.572513327933848e-05,0.0,54,0.0
3,150.0,0.00010934948659269139,0.0001710996584733948,5.653986590914428e-05,0.0,50,0.0,0.00015501667803619057,0.00022087572142481804,5.969423000351526e-05,0.0,56,0.0,0.0001614423526916653,0.0002215683925896883,6.354145443765447e-05,0.0,56,0.0,0.00022749227355234325,0.0004744889447465539,5.830133886775002e-05,0.0,57,0.0,0.00011705569340847433,0.00014100788393989205,5.644668999593705e-05,0.0,53,0.0,0.00023215170949697495,0.0002994849637616426,6.09930393693503e-05,0.0,54,0.0
4,200.0,6.440954166464508e-05,0.00011364515376044437,6.240631046239287e-05,0.0,46,0.0,9.888046770356596e-05,0.0001278962881769985,6.331686745397747e-05,0.0,50,0.0,8.461324614472687e-05,0.00012475902622099966,6.786163430660963e-05,0.0,53,0.0,0.0001460323401261121,0.0003477467689663172,5.951052298769355e-05,0.0,53,0.0,7.215417281258851e-05,9.622344805393368e-05,6.021243825671263e-05,0.0,50,0.0,0.00010717941768234596,0.00016875096480362117,6.45431355223991e-05,0.0,49,0.0
5,250.0,4.971832822775468e-05,7.540296064689755e-05,6.55215626466088e-05,0.0,46,0.0,6.770955951651558e-05,8.062611595960334e-05,6.508232036139816e-05,0.0,50,0.0,5.016687646275386e-05,7.115053449524567e-05,7.024960359558463e-05,0.0,53,1.0,0.00012242163938935846,0.000244110357016325,5.9773105022031814e-05,0.0,53,0.0,4.5769316784571856e-05,6.663725798716769e-05,6.220042268978432e-05,0.0,50,0.0,6.313782796496525e-05,0.0001136545542976819,6.614076846744865e-05,0.0,49,0.0
6,300.0,3.423036469030194e-05,5.773382508778013e-05,6.76181516610086e-05,0.0,45,0.0,6.899397703818977e-05,6.364086584653705e-05,6.600025517400354e-05,0.0,44,1.0,3.724167981999926e-05,4.982611790183e-05,7.157048094086349e-05,0.0,52,1.0,8.651068492326885e-05,0.00018717216153163463,5.9321202570572495e-05,0.0,51,0.0,3.601579737733118e-05,5.313892324920744e-05,6.328384188236669e-05,0.0,47,0.0,6.021833905833773e-05,9.324227721663192e-05,6.730541645083576e-05,0.0,44,0.0
7,350.0,3.074197593377903e-05,4.6894518163753673e-05,6.84128754073754e-05,0.0,45,0.0,3.9783393731340766e-05,4.623383574653417e-05,6.624095840379596e-05,0.0,44,1.0,3.0279183192760684e-05,3.77560245397035e-05,7.160831592045724e-05,0.0,52,1.0,7.490904681617394e-05,0.00015249475836753845,5.8445799368200824e-05,0.0,51,0.0,2.6433321181684732e-05,3.861967707052827e-05,6.360059342114255e-05,0.0,47,0.0,4.493098094826564e-05,7.283007289515808e-05,6.786286394344643e-05,0.0,44,0.0
8,400.0,3.1477262382395566e-05,4.00729950342793e-05,6.841049616923556e-05,0.0,41,0.0,3.278910298831761e-05,3.798642865149304e-05,6.639446655754e-05,0.0,41,1.0,2.7591131583903916e-05,3.1609670259058475e-05,7.122498209355399e-05,0.0,48,1.0,4.934116805088706e-05,0.00012761827383656055,5.782193329650909e-05,0.0,48,0.0,2.018704435613472e-05,3.202792868250981e-05,6.358129030559212e-05,0.0,41,0.0,3.112145350314677e-05,6.075842247810215e-05,6.795938679715618e-05,0.0,42,0.0
9,450.0,2.4304150429088622e-05,2.9800543416058645e-05,6.813542859163135e-05,0.0,41,0.0,2.7726960979634896e-05,3.0638759199064225e-05,6.619346822844818e-05,0.0,41,1.0,5.253949711914174e-05,3.095408828812651e-05,7.065622048685327e-05,0.0,48,1.0,4.44839897681959e-05,0.00011366214312147349,5.714180224458687e-05,0.0,48,0.0,1.8079948858940043e-05,2.6534298740443774e-05,6.324036075966433e-05,0.0,41,0.0,3.1559535273117945e-05,5.352777225198224e-05,6.789602048229426e-05,0.0,42,0.0
10,500.0,2.321236206626054e-05,2.573335041233804e-05,6.760980613762513e-05,0.0,41,0.0,3.686180571094155e-05,7.862165512051433e-05,6.579497130587697e-05,0.0,39,1.0,2.4405817384831607e-05,5.1834613259416074e-05,6.999605830060318e-05,0.0,42,1.0,4.151592293055728e-05,0.00016145365952979773,5.639573646476492e-05,0.0,43,0.0,1.5586141671519727e-05,2.2511352653964423e-05,6.269241566769779e-05,0.0,41,0.0,2.8453294362407178e-05,4.7739624278619885e-05,6.773944187443703e-05,0.0,41,0.0
11,550.0,2.7782385586760938e-05,2.3603870431543328e-05,6.682839011773467e-05,0.0,41,0.0,2.2136595362098888e-05,2.4821591068757698e-05,6.494545959867537e-05,0.0,39,1.0,2.364388456044253e-05,2.2310301574179903e-05,6.938284786883742e-05,0.0,42,1.0,4.260112837073393e-05,9.3348920927383e-05,5.559543933486566e-05,0.0,42,0.0,1.6744643289712258e-05,2.08119581657229e-05,6.173017754917964e-05,0.0,41,0.0,2.9664579415111803e-05,4.444992373464629e-05,6.739606760675088e-05,0.0,41,0.0
12,600.0,1.7542681234772317e-05,2.6212799639324658e-05,6.606800889130682e-05,0.0,39,0.0,2.3430369765264913e-05,2.383191531407647e-05,6.420179852284491e-05,0.0,36,1.0,1.645830343477428e-05,2.0650424630730413e-05,6.873488746350631e-05,0.0,41,1.0,3.1979023333406076e-05,0.0006132636335678399,5.497804522747174e-05,0.0,40,0.0,1.3749903700954746e-05,5.623922334052622e-05,6.063293767510913e-05,0.0,33,1.0,1.9041632185690105e-05,5.3106152336113155e-05,6.696830678265542e-05,0.0,39,0.0
13,650.0,2.8259542887099087e-05,2.5184945116052404e-05,6.526683864649385e-05,0.0,39,0.0,2.1690153516829014e-05,2.206834324169904e-05,6.342327105812728e-05,0.0,36,1.0,1.2296259228605777e-05,1.8570970496512018e-05,6.792818021494895e-05,0.0,41,1.0,3.4749558835756034e-05,6.674979522358626e-05,5.469132884172723e-05,0.0,39,0.0,1.2166005944891367e-05,1.6245810911641456e-05,5.9740094002336264e-05,0.0,31,1.0,1.7402751836925745e-05,4.0630919102113694e-05,6.641019717790186e-05,0.0,39,0.0
14,700.0,1.8555414499132894e-05,1.7943688362720422e-05,6.447177293011919e-05,0.0,38,1.0,1.6787162167020142e-05,2.1760704839834943e-05,6.262625538511202e-05,0.0,36,1.0,2.918690188380424e-05,3.518800440360792e-05,6.701745587633923e-05,0.0,38,1.0,2.718541509239003e-05,5.9054600569652393e-05,5.4176485718926415e-05,0.0,38,0.0,1.2433290066837799e-05,1.5731860912637785e-05,5.9090576542075723e-05,0.0,31,1.0,1.7272539480472915e-05,3.891277810907923e-05,6.581960042240098e-05,0.0,39,0.0
15,750.0,1.599708411959e-05,1.7791706341085956e-05,6.374114309437573e-05,0.0,38,1.0,1.9177892681909725e-05,1.9756627807510085e-05,6.177993782330304e-05,0.0,36,1.0,1.692407386144623e-05,1.6873793356353417e-05,6.624251545872539e-05,0.0,38,1.0,3.24999273288995e-05,5.735154263675213e-05,5.3524716349784285e-05,0.0,37,0.0,1.1507708222779911e-05,1.503070870967349e-05,5.833367322338745e-05,0.0,31,1.0,2.0250903617125005e-05,3.8297363062156364e-05,6.514578853966668e-05,0.0,39,0.0
16,800.0,2.2389214791473933e-05,1.6759950085543096e-05,6.301771645667031e-05,0.0,38,1.0,1.6771093214629218e-05,1.8702898159972392e-05,6.0875121562276036e-05,0.0,36,1.0,1.476099350838922e-05,1.6504089217050932e-05,6.547381781274453e-05,0.0,37,1.0,2.1634357835864648e-05,5.0074493628926575e-05,5.281225094222464e-05,0.0,36,0.0,1.3958024283056147e-05,1.6236792362178676e-05,5.7535940868547186e-05,0.0,29,2.0,1.8341077520744875e-05,0.0001224962034029886,6.43853927613236e-05,0.0,35,0.0
17,850.0,1.5831077689654194e-05,1.542313111713156e-05,6.225171819096431e-05,0.0,38,1.0,1.5549057934549637e-05,1.8833245121641085e-05,5.9958736528642476e-05,0.0,36,1.0,1.4453227777266875e-05,1.6253277863143012e-05,6.470218795584515e-05,0.0,37,1.0,2.3454127585864626e-05,4.233497747918591e-05,5.2175419114064425e-05,0.0,36,0.0,8.82941185409436e-06,1.2822704775317106e-05,5.675959982909262e-05,0.0,29,2.0,1.5212823200272396e-05,3.445125912548974e-05,6.332079647108912e-05,0.0,35,0.0
18,900.0,2.8418737201718614e-05,1.833055284805596e-05,6.145140650914982e-05,0.0,37,1.0,1.390123270539334e-05,5.7698471209732816e-05,5.916095324209891e-05,0.0,33,1.0,2.6931085812975653e-05,1.6907597455428913e-05,6.392200157279149e-05,0.0,37,1.0,3.708006624947302e-05,4.484314558794722e-05,5.154163227416575e-05,0.0,36,0.0,7.64574906497728e-06,1.1323926628392655e-05,5.603402678389102e-05,0.0,29,2.0,2.1830281184520572e-05,4.072349474881776e-05,6.25510438112542e-05,0.0,33,0.0
19,950.0,2.8087704777135514e-05,1.7009109797072597e-05,6.068456423236057e-05,0.0,37,1.0,1.3201555702835321e-05,1.7993008441408165e-05,5.848958971910179e-05,0.0,33,1.0,1.2292792234802619e-05,1.576117028889712e-05,6.31607326795347e-05,0.0,37,1.0,2.036494333879091e-05,3.6635879951063544e-05,5.087591853225604e-05,0.0,36,1.0,9.738490916788578e-06,1.1627684216364287e-05,5.527131725102663e-05,0.0,29,2.0,3.0190363759174943e-05,3.246331471018493e-05,6.16797769907862e-05,0.0,33,0.0
20,1000.0,1.3949332242191304e-05,2.456881702528335e-05,5.991316356812604e-05,0.0,36,1.0,2.1528003344428726e-05,2.1048070266260765e-05,5.798206984763965e-05,0.0,30,1.0,1.2646349205169827e-05,2.9689854272874072e-05,6.238548667170107e-05,0.0,36,1.0,1.800255267880857e-05,3.5573124478105456e-05,5.034234709455632e-05,0.0,35,1.0,7.802704203641042e-06,1.5399915355374105e-05,5.446063369163312e-05,0.0,28,2.0,2.6443116439622827e-05,3.362926508998498e-05,6.0890371969435364e-05,0.0,33,0.0
21,1050.0,1.3047922948317137e-05,1.4721726984134875e-05,5.9087597037432715e-05,0.0,36,1.0,2.784785465337336e-05,2.0659999790950678e-05,5.754720405093394e-05,0.0,30,1.0,2.793210296658799e-05,1.6102101653814316e-05,6.185497477417812e-05,0.0,36,1.0,1.605979196028784e-05,3.473013566690497e-05,4.9825026508187875e-05,0.0,35,2.0,8.956019883044064e-06,1.2914184480905533e-05,5.362113006412983e-05,0.0,27,2.0,2.261761801491957e-05,3.344457581988536e-05,6.004511669743806e-05,0.0,33,0.0
22,1100.0,1.3943074918643106e-05,1.2827844329876825e-05,5.8317644288763404e-05,0.0,35,1.0,1.690708268142771e-05,4.488604099606164e-05,5.7120218116324395e-05,0.0,29,1.0,1.4205202205630485e-05,1.5072165297169704e-05,6.117560405982658e-05,0.0,35,1.0,1.4429058865061961e-05,6.511055107694119e-05,4.928693306283094e-05,0.0,33,2.0,1.0384183042333461e-05,0.00040164068923331797,5.2744129789061844e-05,0.0,26,2.0,2.3155444068834186e-05,4.746371632791124e-05,5.913964196224697e-05,0.0,32,0.0
23,1150.0,1.1487537449283991e-05,1.394376977259526e-05,5.760639032814652e-05,0.0,35,1.0,1.3843733540852554e-05,1.824919854698237e-05,5.7013439800357446e-05,0.0,29,1.0,1.2733603398373816e-05,1.4444453881878871e-05,6.0503203712869436e-05,0.0,35,1.0,1.7877890059025958e-05,3.612906948546879e-05,4.8722558858571574e-05,0.0,33,2.0,1.387256634188816e-05,1.4201306839822792e-05,5.059694012743421e-05,0.0,26,2.0,1.4856002962915227e-05,3.1975519959814847e-05,5.8149395044893026e-05,0.0,32,0.0
24,1200.0,1.6049514670157805e-05,1.2923073882120661e-05,5.69325675314758e-05,0.0,35,1.0,1.2803159734176006e-05,1.863733632490039e-05,5.661177056026645e-05,0.0,27,1.0,1.656207678024657e-05,1.5509192962781526e-05,5.983639130135998e-05,0.0,35,1.0,1.373506438540062e-05,3.2541152904741466e-05,4.821078618988395e-05,0.0,33,2.0,1.2772158697771374e-05,2.1636553356074728e-05,4.969308793079108e-05,0.0,23,3.0,1.8528453438193537e-05,4.422007987159304e-05,5.718633474316448e-05,0.0,31,0.0
25,1250.0,1.3588297406386118e-05,1.3201122783357278e-05,5.621508171316236e-05,0.0,35,1.0,1.339691152679734e-05,1.5820327462279238e-05,5.608122592093423e-05,0.0,27,2.0,1.191866886074422e-05,1.5776195141370408e-05,5.9138528740732e-05,0.0,35,1.0,2.073897121590562e-05,3.053835825994611e-05,4.770066516357474e-05,0.0,33,2.0,7.425594958476722e-06,9.469276847084984e-06,4.864971197093837e-05,0.0,23,3.0,2.3652895833947696e-05,2.9551240004366264e-05,5.62070999876596e-05,0.0,31,0.0
26,1300.0,9.583593964634929e-06,1.1710694707289804e-05,5.565202081925236e-05,0.0,33,1.0,1.3696582755073905e-05,1.7308582755504176e-05,5.576288458541967e-05,0.0,25,3.0,1.3260585546959192e-05,1.4490454304905143e-05,5.842582686454989e-05,0.0,35,1.0,1.5505309420404956e-05,3.091998951276764e-05,4.7162509872578084e-05,0.0,33,2.0,1.5109717423911206e-05,1.8412863937555812e-05,4.778801667271182e-05,0.0,21,3.0,2.808300814649556e-05,0.00016417016740888357,5.520844570128247e-05,0.0,29,0.0
27,1350.0,1.660587076912634e-05,1.2842183423344977e-05,5.5200111091835424e-05,0.0,33,1.0,1.0947705959551968e-05,1.5566289221169427e-05,5.5352971685351804e-05,0.0,25,3.0,8.661178981128614e-06,1.3609922461910173e-05,5.770409188698977e-05,0.0,35,1.0,1.3580754966824315e-05,2.7740508812712505e-05,4.660905688069761e-05,0.0,33,2.0,8.726543455850333e-06,9.353348104923498e-06,4.708160849986598e-05,0.0,21,3.0,1.7480771930422634e-05,2.8520782507257536e-05,5.417621650849469e-05,0.0,29,0.0
28,1400.0,2.7141064492752776e-05,0.0002520388225093484,5.48056596016977e-05,0.0,31,1.0,1.2260932635399513e-05,1.5662895748391747e-05,5.5070806411094964e-05,0.0,25,3.0,1.140538188337814e-05,1.4755527445231564e-05,5.6977842177730054e-05,0.0,35,1.0,1.895296918519307e-05,0.00017300239414907992,4.6039349399507046e-05,0.0,31,2.0,8.247041478171013e-06,9.130714715865906e-06,4.648456888389774e-05,0.0,19,3.0,2.2071202693041414e-05,2.8228840164956637e-05,5.3095467592356727e-05,0.0,29,0.0
29,1450.0,1.4937777450541034e-05,1.1658099538180977e-05,5.451434844871983e-05,0.0,30,1.0,1.1489588359836489e-05,1.552224057377316e-05,5.475434591062367e-05,0.0,25,3.0,8.456640898657497e-06,1.6149539078469388e-05,5.6244272855110466e-05,0.0,35,1.0,1.039279050019104e-05,2.7679325285134837e-05,4.5538690756075084e-05,0.0,31,2.0,3.645156539278105e-05,1.5773357517900877e-05,4.619041646947153e-05,0.0,19,3.0,2.828370088536758e-05,2.775785469566472e-05,5.201372550800443e-05,0.0,29,0.0
30,1500.0,1.2165071893832646e-05,1.0947948794637341e-05,5.408109427662566e-05,0.0,30,1.0,1.0129468137165532e-05,1.6105348549899645e-05,5.4434709454653785e-05,0.0,25,3.0,1.0380561434431002e-05,1.9768014681176282e-05,5.5521140893688425e-05,0.0,34,1.0,1.2144989341322798e-05,2.9459717552526854e-05,4.4884069211548194e-05,0.0,30,2.0,7.655696208530571e-06,7.0496707849088125e-06,4.591199831338599e-05,0.0,19,3.0,1.0117087185790297e-05,0.0002457070804666728,5.089386104373261e-05,0.0,27,0.0
31,1550.0,1.4850399566057604e-05,1.0038168511528056e-05,5.371238512452692e-05,0.0,30,1.0,1.0392313924967311e-05,1.5180237824097276e-05,5.410205267253332e-05,0.0,25,3.0,2.9716156859649345e-05,1.757763857312966e-05,5.4966054449323565e-05,0.0,34,1.0,1.9729191990336403e-05,2.9441787773976102e-05,4.42793607362546e-05,0.0,30,2.0,1.1595775504247285e-05,7.087074664013926e-06,4.564048140309751e-05,0.0,19,3.0,1.4470832866209093e-05,2.9993463613209315e-05,4.941553561366163e-05,0.0,26,0.0
32,1600.0,1.064306798070902e-05,5.270063047646545e-05,5.3343261242844164e-05,0.0,29,1.0,9.836214303504676e-06,1.4777820979361422e-05,5.3762712923344225e-05,0.0,25,3.0,7.069054390740348e-06,1.3224898793851025e-05,5.423897164291702e-05,0.0,33,1.0,1.2526252248790115e-05,2.6177223844570108e-05,4.378707308205776e-05,0.0,29,2.0,1.6315229004248977e-05,7.453393209289061e-06,4.5368215069174767e-05,0.0,19,3.0,1.8425103917252272e-05,2.8302305508987047e-05,4.84609990962781e-05,0.0,25,0.0
33,1650.0,1.381539368594531e-05,9.538344784232322e-06,5.28578893863596e-05,0.0,29,1.0,1.0724117601057515e-05,1.4585640201403294e-05,5.341834184946492e-05,0.0,25,3.0,1.2801242519344669e-05,1.344081374554662e-05,5.3541640227194875e-05,0.0,33,1.0,1.0875153748202138e-05,2.6025063561974093e-05,4.329234434408136e-05,0.0,29,2.0,1.821746991481632e-05,7.85937299951911e-06,4.509311111178249e-05,0.0,19,3.0,2.2495902157970704e-05,2.896800469898153e-05,4.776669811690226e-05,0.0,25,0.0
34,1700.0,8.93006563273957e-06,9.311804205935914e-06,5.242053885012865e-05,0.0,29,1.0,1.0135941920452751e-05,1.594145032868255e-05,5.3066862164996564e-05,0.0,24,3.0,8.353842531505506e-06,1.3606190805148799e-05,5.2993182180216536e-05,0.0,32,1.0,1.155536483565811e-05,3.283853948232718e-05,4.27797349402681e-05,0.0,27,2.0,5.015367605665233e-06,5.518221769307274e-06,4.489187631406821e-05,0.0,18,3.0,1.3085580576444045e-05,2.5996198019129224e-05,4.710235953098163e-05,0.0,25,0.0
35,1750.0,8.518152753822505e-06,9.1036254161736e-06,5.20425928698387e-05,0.0,29,1.0,1.0787027349579148e-05,1.5968918887665495e-05,5.270237670629285e-05,0.0,24,3.0,5.442955171020003e-06,1.342793257208541e-05,5.242515908321366e-05,0.0,32,1.0,1.1503913810884114e-05,2.4840530386427417e-05,4.232759238220751e-05,0.0,27,2.0,1.3424945791484788e-05,6.814149401179748e-06,4.4701460865326226e-05,0.0,18,3.0,1.1759240805986337e-05,2.5242494302801788e-05,4.645230364985764e-05,0.0,25,0.0
36,1800.0,1.4968481082178187e-05,1.0231310625385959e-05,5.166424307390116e-05,0.0,29,1.0,9.29150337469764e-06,1.5902805898804218e-05,5.237118239165284e-05,0.0,24,3.0,6.156943982205121e-06,1.4638544598710723e-05,5.191790478420444e-05,0.0,31,1.0,1.609409628144931e-05,2.4318709620274603e-05,4.198770329821855e-05,0.0,27,2.0,1.744840483297594e-05,8.955852536018938e-06,4.449833795661107e-05,0.0,18,3.0,1.6144864275702275e-05,2.726094317040406e-05,4.5810047595296055e-05,0.0,24,0.0
37,1850.0,1.5955025446601212e-05,9.922238859871868e-06,5.128073098603636e-05,0.0,29,1.0,1.215305928781163e-05,1.557611903990619e-05,5.203158070798963e-05,0.0,24,3.0,4.9101295189757366e-06,1.2793603673344478e-05,5.147144111106172e-05,0.0,31,1.0,1.4133209333522245e-05,2.6340820113546215e-05,4.163221092312597e-05,0.0,27,2.0,1.1520791304064915e-05,6.26723112873151e-06,4.429781256476417e-05,0.0,18,3.0,1.6829992091516033e-05,2.764791679510381e-05,4.510326834861189e-05,0.0,24,0.0
38,1900.0,1.2077570318069775e-05,9.551310540700797e-06,5.089725163998082e-05,0.0,29,1.0,6.93388756189961e-06,1.4333726539916825e-05,5.168233110453002e-05,0.0,24,3.0,5.7390825531911105e-06,1.2070224329363555e-05,5.10046593262814e-05,0.0,31,1.0,2.649216548888944e-05,2.3353200958808884e-05,4.126557178096846e-05,0.0,27,2.0,1.3506046343536582e-05,5.903968030906981e-06,4.4094325858168304e-05,0.0,18,3.0,3.9942398871062323e-05,3.374840889591724e-05,4.4468448322732e-05,0.0,24,0.0
39,1950.0,1.0670663868950214e-05,9.568285349814687e-06,5.051296830060892e-05,0.0,29,1.0,1.634786167414859e-05,1.7598584236111492e-05,5.131329453433864e-05,0.0,24,3.0,9.813510587264318e-06,1.4430934243137017e-05,5.0546645070426166e-05,0.0,31,1.0,1.2377514394756872e-05,2.079144906019792e-05,4.089699359610677e-05,0.0,27,3.0,5.255488758848514e-06,5.543552106246352e-06,4.388636443763971e-05,0.0,18,3.0,1.8318100046599284e-05,2.7095537006971426e-05,4.379095116746612e-05,0.0,24,0.0
40,2000.0,1.4008251127961557e-05,0.00011678203736664727,5.013301415601745e-05,0.0,28,1.0,1.1729666766768787e-05,1.98576944967499e-05,5.0926719268318266e-05,0.0,23,3.0,5.332419277692679e-06,1.2279218026378658e-05,5.007402069168165e-05,0.0,31,1.0,1.1357041330484208e-05,4.910628194920719e-05,4.053333759657107e-05,0.0,25,4.0,8.416503987973556e-06,5.952577339485288e-06,4.367071232991293e-05,0.0,18,3.0,1.1553330296010245e-05,2.4823189960443415e-05,4.310966323828325e-05,0.0,24,0.0
41,2050.0,9.722010872792453e-06,9.976253750210162e-06,4.9801896238932386e-05,0.0,27,1.0,1.1613365131779574e-05,1.695732498774305e-05,5.0140704843215644e-05,0.0,22,3.0,5.235556272964459e-06,1.3019006473768968e-05,4.958939098287374e-05,0.0,31,1.0,1.2306841199460905e-05,1.9974360839114524e-05,4.007309325970709e-05,0.0,25,4.0,9.303111255576368e-06,5.902175871597137e-06,4.3456187995616347e-05,0.0,18,3.0,2.3973374482011423e-05,2.6320865799789317e-05,4.2412062612129375e-05,0.0,24,0.0
42,2100.0,2.5133422241196968e-05,0.00047621194971725345,4.937997800880112e-05,0.0,26,1.0,1.0163537808693945e-05,1.8132130207959563e-05,4.9674606998451054e-05,0.0,22,3.0,6.635435966018122e-06,1.386875464959303e-05,4.911714859190397e-05,0.0,31,1.0,9.481333108851686e-06,2.0889765437459573e-05,3.9758313505444676e-05,0.0,25,4.0,1.8512180758989416e-05,7.26542293705279e-06,4.322965833125636e-05,0.0,18,3.0,1.1266311048530042e-05,2.5833667677943595e-05,4.170917964074761e-05,0.0,24,0.0
43,2150.0,1.0292400475009345e-05,1.0212446795776486e-05,4.912341682938859e-05,0.0,26,1.0,7.215682671812829e-06,1.4961928172851913e-05,4.922850348521024e-05,0.0,22,3.0,8.622665518487338e-06,1.7149257473647594e-05,4.864349466515705e-05,0.0,31,1.0,1.2195772796985693e-05,2.8356045731925406e-05,3.9431764889741316e-05,0.0,25,4.0,6.09219887337531e-06,5.3274161473382264e-06,4.300772707210854e-05,0.0,18,3.0,1.9507586330291815e-05,2.6532699848758057e-05,4.100529622519389e-05,0.0,24,0.0
44,2200.0,1.4103120520303492e-05,1.428394898539409e-05,4.875910235568881e-05,0.0,26,1.0,9.39920573728159e-06,1.6916586901061237e-05,4.880734923062846e-05,0.0,21,3.0,6.778549504815601e-06,6.203829980222508e-05,4.817656736122444e-05,0.0,29,1.0,1.4235571143217385e-05,0.0001056756082107313,3.9103055314626545e-05,0.0,24,4.0,5.672553015756421e-06,5.212979431234999e-06,4.2776850023074076e-05,0.0,18,3.0,1.8191787603427656e-05,2.6219242499792017e-05,4.0284467104356736e-05,0.0,24,0.0
45,2250.0,8.467632142128423e-06,8.322956091433298e-06,4.840762267122045e-05,0.0,26,1.0,7.719856512267143e-06,1.558178337290883e-05,4.8486625018995255e-05,0.0,21,3.0,9.807789865590166e-06,1.904079363157507e-05,4.7932888264767826e-05,0.0,29,1.0,1.149051240645349e-05,2.0449881048989482e-05,3.843766535283066e-05,0.0,24,4.0,4.8351462282880675e-06,5.070488441560883e-06,4.253577935742214e-05,0.0,18,3.0,1.2968896953680087e-05,2.560138273111079e-05,3.954819476348348e-05,0.0,24,0.0
46,2300.0,7.816402103344444e-06,8.482023986289278e-06,4.806865399586968e-05,0.0,26,1.0,7.778251529089175e-06,1.5890189388301224e-05,4.830354737350717e-05,0.0,20,3.0,8.156200237863231e-06,1.5131765394471586e-05,4.750671359943226e-05,0.0,29,1.0,9.482455425313674e-06,2.4755197955528274e-05,3.81337376893498e-05,0.0,24,4.0,5.754980520578101e-06,3.255780029576272e-05,4.229536352795549e-05,0.0,17,3.0,2.03133840841474e-05,2.438446790620219e-05,3.882715827785432e-05,0.0,24,0.0
47,2350.0,1.115385202865582e-05,1.0004398973251227e-05,4.772580723511055e-05,0.0,26,1.0,8.000802154128905e-06,1.4572149666491896e-05,4.809883103007451e-05,0.0,20,3.0,2.903288805100601e-05,2.2174534024088643e-05,4.744215766550042e-05,0.0,28,1.0,1.2872937986685429e-05,1.8745216948445886e-05,3.786335582844913e-05,0.0,24,4.0,5.395170774136204e-06,7.1718573053658474e-06,4.349250593804754e-05,0.0,16,3.0,1.8490482034394518e-05,2.4655153538333252e-05,3.8082969695096835e-05,0.0,24,0.0
48,2400.0,1.2955956663063262e-05,1.0094237950397655e-05,4.738259667647071e-05,0.0,26,1.0,1.1482059562695213e-05,1.529664223198779e-05,4.789366721524857e-05,0.0,20,3.0,9.918087926052976e-06,2.129310269083362e-05,4.6878005377948284e-05,0.0,27,1.0,1.2330294339335524e-05,2.055596632999368e-05,3.7591566069750115e-05,0.0,24,4.0,8.903207344701514e-06,2.668858905963134e-05,4.363667540019378e-05,0.0,15,3.0,1.642767892917618e-05,2.4807432055240497e-05,3.733879930223338e-05,0.0,24,0.0
49,2450.0,8.993764822662342e-06,9.896587471303064e-06,4.705527680926025e-05,0.0,26,1.0,1.1476024155854248e-05,1.6920290363486856e-05,4.7679892304586247e-05,0.0,20,3.0,1.045335920935031e-05,1.5430823623319156e-05,4.6251789171947166e-05,0.0,27,1.0,1.0293000741512515e-05,2.0097879314562306e-05,3.731462493306026e-05,0.0,24,4.0,6.250394562812289e-06,6.713925358781125e-06,4.371998511487618e-05,0.0,15,3.0,1.9378772776690312e-05,2.4508510250598192e-05,3.659080539364368e-05,0.0,24,0.0
50,2500.0,6.485184258053778e-06,7.4523613875498995e-06,4.672680006478913e-05,0.0,26,1.0,8.997425538836978e-06,0.00026006900588981807,4.746676859213039e-05,0.0,18,4.0,1.1038633601856418e-05,2.6131992854061536e-05,4.569853990687989e-05,0.0,25,1.0,1.0656825907062739e-05,1.9294378944323398e-05,3.7025009078206494e-05,0.0,23,4.0,1.5418792827404104e-05,8.693625204614364e-06,4.365523636806756e-05,0.0,15,3.0,2.0665993361035362e-05,2.508678699086886e-05,3.58319521183148e-05,0.0,24,0.0
51,2550.0,8.758928743191063e-06,9.134373613051139e-06,4.640213228412904e-05,0.0,26,1.0,1.1206753697479144e-05,1.4348495824378915e-05,4.711346991825849e-05,0.0,18,4.0,5.276854426483624e-05,2.533482256694697e-05,4.537751374300569e-05,0.0,25,1.0,1.0183010090258904e-05,2.0850384316872805e-05,3.676586857181974e-05,0.0,23,4.0,4.946887656842591e-06,5.69542680750601e-06,4.3523814383661374e-05,0.0,15,3.0,1.266230447072303e-05,2.562839654274285e-05,3.5110380849801004e-05,0.0,24,0.0
52,2600.0,9.720281923364382e-06,8.801061994745396e-06,4.60737974208314e-05,0.0,26,1.0,1.416552004229743e-05,1.5282537788152695e-05,4.68511316285003e-05,0.0,18,4.0,4.766936854139203e-06,1.7525495422887616e-05,4.509125210461207e-05,0.0,23,1.0,1.136464015871752e-05,2.4996068532345816e-05,3.651528822956607e-05,0.0,23,4.0,6.531660801556427e-06,6.370364189933753e-06,4.335572521085851e-05,0.0,15,3.0,1.5391526176244952e-05,2.5874523998936638e-05,3.437836858211085e-05,0.0,24,0.0
53,2650.0,1.0572802239039447e-05,1.0919675332843326e-05,4.574920603772625e-05,0.0,26,1.0,7.094129159668228e-06,1.3871238479623571e-05,4.664405059884302e-05,0.0,18,4.0,8.55773760122247e-06,1.2750317182508297e-05,4.485918179852888e-05,0.0,23,1.0,1.1995801287412178e-05,2.5483695935690776e-05,3.6270328564569354e-05,0.0,23,4.0,1.6638170563965105e-05,7.3398441600147635e-06,4.316424019634724e-05,0.0,15,3.0,1.3373369256441947e-05,2.6602256184560247e-05,3.365284646861255e-05,0.0,24,0.0
54,2700.0,6.085404038458364e-06,7.801732863299549e-06,4.5430009777192026e-05,0.0,26,1.0,1.0497256880626082e-05,1.4529945474350825e-05,4.6438050048891455e-05,0.0,18,4.0,2.8687985832220875e-05,5.7529425248503685e-05,4.4639717089012265e-05,0.0,22,1.0,1.2208393854962196e-05,1.811100446502678e-05,3.602702417992987e-05,0.0,23,4.0,7.8733728514635e-06,5.684133157046745e-06,4.294971950002946e-05,0.0,15,3.0,1.1916833500436042e-05,2.598064747871831e-05,3.296064824098721e-05,0.0,22,0.0
55,2750.0,8.33607464301167e-06,8.591492587584071e-06,4.510909639066085e-05,0.0,26,1.0,1.0040816050604917e-05,1.7475518689025193e-05,4.6227010898292065e-05,0.0,18,4.0,4.936089226248441e-06,1.192217314383015e-05,4.442998761078343e-05,0.0,22,1.0,1.2767584848916158e-05,1.892202089948114e-05,3.578101677703671e-05,0.0,23,4.0,1.2697053534793667e-05,6.666561603196897e-06,4.272227670298889e-05,0.0,15,3.0,1.4332326827570796e-05,2.5005305360537022e-05,3.2509582524653524e-05,0.0,22,0.0
56,2800.0,1.62214655574644e-05,7.041997014312074e-05,4.478965274756774e-05,0.0,25,1.0,8.005510608199984e-06,1.465865716454573e-05,4.6015120460651815e-05,0.0,18,4.0,4.233721847413108e-05,1.84817017725436e-05,4.42250857304316e-05,0.0,22,1.0,1.4333677427202929e-05,2.438143565086648e-05,3.553865826688707e-05,0.0,23,4.0,7.292603640962625e-06,5.17483431394794e-06,4.247359902365133e-05,0.0,15,3.0,1.2537987458927091e-05,2.5989924324676394e-05,3.213889795006253e-05,0.0,22,0.0
57,2850.0,7.810243005224038e-06,8.637096470920369e-06,4.447772880666889e-05,0.0,25,1.0,6.971422408241779e-06,1.3472168575390242e-05,4.580037057166919e-05,0.0,18,4.0,5.212257292441791e-06,1.2343200069153681e-05,4.40001385868527e-05,0.0,22,1.0,9.81930315901991e-06,1.8349972378928214e-05,3.5290471714688465e-05,0.0,23,4.0,4.6629174903500825e-06,4.904788056592224e-06,4.220991104375571e-05,0.0,15,3.0,9.862484148470685e-06,2.4492803277098574e-05,3.1782758014742285e-05,0.0,22,0.0
58,2900.0,7.421462669299217e-06,8.205817721318454e-06,4.4151289330329746e-05,0.0,25,1.0,8.671509931446053e-06,2.5620396627346054e-05,4.557470674626529e-05,0.0,17,4.0,6.778115221095504e-06,1.2051917110511567e-05,4.3766827729996294e-05,0.0,22,1.0,1.2202621292090043e-05,1.7912663679453544e-05,3.504574851831421e-05,0.0,23,4.0,7.104656560841249e-06,5.424317350843921e-06,4.193954373477027e-05,0.0,15,3.0,1.1772737707360648e-05,2.4313811081810854e-05,3.142472269246355e-05,0.0,22,0.0
59,2950.0,6.494787612609798e-06,7.99239660409512e-06,4.384828935144469e-05,0.0,25,1.0,6.881653462187387e-06,1.4560193449142389e-05,4.586154318531044e-05,0.0,16,4.0,3.11425537802279e-05,1.7768850739230402e-05,4.353853364591487e-05,0.0,22,1.0,1.3269750525068957e-05,1.868644540081732e-05,3.4793014492606744e-05,0.0,23,4.0,9.54021106736036e-06,6.323568868538132e-06,4.164813435636461e-05,0.0,15,3.0,1.850566695793532e-05,2.504432268324308e-05,3.108600867562927e-05,0.0,22,0.0
60,3000.0,9.46040472626919e-06,8.374423487111926e-06,4.35397305409424e-05,0.0,25,1.0,9.93261255644029e-06,1.635443913983181e-05,4.576631909003481e-05,0.0,15,4.0,1.4312352504930459e-05,1.2516848983068485e-05,4.332003300078213e-05,0.0,22,1.0,1.3648166714119725e-05,1.832118141464889e-05,3.4537893952801824e-05,0.0,23,4.0,5.044271347287577e-06,4.825972155231284e-06,4.134208575123921e-05,0.0,15,3.0,1.0568988727754913e-05,2.343033156648744e-05,3.074814594583586e-05,0.0,22,0.0
61,3050.0,8.87446276465198e-06,8.14899158285698e-06,4.324627298046835e-05,0.0,25,1.0,7.038464900688268e-06,1.3494935046765022e-05,4.5614146074512973e-05,0.0,15,4.0,8.112184332276229e-06,1.6165615306817926e-05,4.309494761400856e-05,0.0,22,1.0,1.0217431736236904e-05,2.0129504264332354e-05,3.428987110964954e-05,0.0,23,4.0,7.7209633673192e-06,6.696187028865097e-06,4.10309512517415e-05,0.0,15,3.0,1.1307618478895165e-05,2.4158232918125577e-05,3.0398716262425296e-05,0.0,22,0.0
62,3100.0,6.841866252216278e-06,0.00014459752128459513,4.293545498512685e-05,0.0,24,1.0,1.0699847734940704e-05,1.8298218492418528e-05,4.546304262476042e-05,0.0,14,4.0,6.550625130330445e-06,1.1853687283291947e-05,4.289453136152588e-05,0.0,22,1.0,1.8659044144442305e-05,0.0019437031587585807,3.404071685508825e-05,0.0,22,4.0,6.582810328836786e-06,4.8952101678878535e-06,4.069552232977003e-05,0.0,15,3.0,1.381965648761252e-05,2.5126531909336336e-05,3.006386396009475e-05,0.0,22,0.0
63,3150.0,5.500090082932729e-06,6.927597496542148e-06,4.263664231984876e-05,0.0,24,1.0,8.60019736137474e-06,1.334690023213625e-05,4.526698467088863e-05,0.0,14,4.0,6.772146662115119e-06,1.4769969311601017e-05,4.302665183786303e-05,0.0,21,1.0,1.1601120604609605e-05,2.1848925825906917e-05,3.3622156479395926e-05,0.0,22,4.0,4.6235013542172965e-06,4.801673185284017e-06,4.0344675653614104e-05,0.0,15,3.0,9.736513675306924e-06,2.3785441953805275e-05,2.9725335480179638e-05,0.0,22,0.0
64,3200.0,6.688833309453912e-06,6.609723641304299e-06,4.229693877277896e-05,0.0,24,1.0,9.318186130258255e-06,1.2577344932651613e-05,4.513838575803675e-05,0.0,14,4.0,7.5067214311275166e-06,0.00047961834934540093,4.281104702386074e-05,0.0,19,1.0,1.0091673175338656e-05,1.886815152829513e-05,3.33297393808607e-05,0.0,22,4.0,4.484827059059171e-06,4.864187303610379e-06,3.9980699511943385e-05,0.0,15,3.0,1.6770223737694323e-05,2.457131449773442e-05,2.9392178475973196e-05,0.0,22,0.0
65,3250.0,6.145407496660482e-06,7.27236874809023e-06,4.199622344458476e-05,0.0,24,1.0,1.0086189831781667e-05,1.4611830920330249e-05,4.500259819906205e-05,0.0,14,4.0,6.674479664070532e-06,1.353571678919252e-05,4.258704939275049e-05,0.0,19,1.0,9.903601494443137e-06,2.1919655409874395e-05,3.301646574982442e-05,0.0,22,4.0,6.390253929566825e-06,5.505250101123238e-06,3.96102768718265e-05,0.0,15,3.0,1.31779470393667e-05,2.3530468752142042e-05,2.9109021852491423e-05,0.0,22,1.0
66,3300.0,7.76648630562704e-06,7.055226888041943e-06,4.170483589405194e-05,0.0,24,1.0,8.26303494250169e-06,0.00033709558192640543,4.486762190936133e-05,0.0,12,4.0,7.465353064617375e-06,1.9882956621586345e-05,4.229426849633455e-05,0.0,18,1.0,9.976244655263145e-06,1.8602779164211825e-05,3.27590387314558e-05,0.0,22,4.0,2.0479496015468612e-05,9.89125510386657e-06,3.921863026334904e-05,0.0,15,3.0,1.1080286640208215e-05,2.4669830963830464e-05,2.88858591375174e-05,0.0,21,1.0
67,3350.0,6.081438641558634e-06,6.961787221371196e-06,4.142336911172606e-05,0.0,24,1.0,7.314263257285347e-06,1.2809572581318207e-05,4.347883441369049e-05,0.0,11,4.0,8.12419420981314e-06,1.2205052371427882e-05,4.2136889533139765e-05,0.0,18,1.0,8.977169272839092e-06,2.131554538209457e-05,3.2507505238754675e-05,0.0,22,4.0,4.638357495423406e-06,5.053338554716902e-06,3.880552321788855e-05,0.0,15,3.0,9.163823051494546e-06,2.4315215341630392e-05,2.8663645935012028e-05,0.0,21,1.0
68,3400.0,8.18021271697944e-06,7.766087946947664e-06,4.114407056476921e-05,0.0,24,1.0,8.651334610476624e-06,1.239757148141507e-05,4.345933484728448e-05,0.0,9,4.0,4.740094027511077e-06,1.1043233826057985e-05,4.2068430047947913e-05,0.0,18,1.0,1.1145039934490342e-05,2.441924880258739e-05,3.2261967135127634e-05,0.0,22,4.0,8.619750587968156e-06,5.76010461372789e-06,3.8376630982384086e-05,0.0,15,3.0,1.19766782518127e-05,2.5609784643165767e-05,2.8443217161111534e-05,0.0,21,1.0
69,3450.0,5.174217676540138e-06,6.501824373117415e-06,4.086925400770269e-05,0.0,24,1.0,7.685729542572517e-06,1.2827678801841103e-05,4.346840796642937e-05,0.0,9,4.0,7.472381639672676e-06,1.2489064829424024e-05,4.201133924652822e-05,0.0,18,1.0,1.6480871636304073e-05,2.4072658561635762e-05,3.202265361323953e-05,0.0,22,4.0,5.68732684769202e-06,5.308177151164273e-06,3.793154246523045e-05,0.0,15,3.0,1.4955841834307648e-05,2.7989739464828745e-05,2.8219519663252868e-05,0.0,21,1.0
70,3500.0,7.69159487390425e-06,7.406827990052989e-06,4.0582795918453485e-05,0.0,24,1.0,7.763610483380035e-06,1.2399913430272136e-05,4.347661160863936e-05,0.0,9,4.0,3.9747093978803605e-05,0.008960514329373837,4.1939270886359736e-05,0.0,17,1.0,8.917578270484228e-06,2.1205127268331125e-05,3.17777885356918e-05,0.0,22,4.0,1.1508445822983049e-05,6.449463398894295e-06,3.746550282812677e-05,0.0,15,3.0,1.146268732554745e-05,2.4714932806091383e-05,2.8011971153318882e-05,0.0,20,2.0
71,3550.0,6.98109306540573e-06,7.903455298219342e-06,4.029605770483613e-05,0.0,24,2.0,8.419001460424624e-06,1.224195602844702e-05,4.347882349975407e-05,0.0,9,4.0,1.828786844271235e-05,5.1810333388857543e-05,4.1173483623424545e-05,0.0,17,2.0,9.467046766076237e-06,2.1812738850712776e-05,3.154079968226142e-05,0.0,22,4.0,1.3627795851789415e-05,9.989180398406461e-06,3.705465132952668e-05,0.0,14,3.0,1.291299304284621e-05,2.392806163697969e-05,2.7774123736890033e-05,0.0,20,2.0
72,3600.0,4.851349331147503e-06,0.002219783840700984,4.006520612165332e-05,0.0,22,2.0,6.982650120335165e-06,1.178180355054792e-05,4.3473413825267926e-05,0.0,9,4.0,1.2700608749582898e-05,3.8162565033417195e-05,4.1670642531244084e-05,0.0,17,1.0,1.0406506589788478e-05,2.6098006856045686e-05,3.1306128221331164e-05,0.0,22,4.0,5.570932444243226e-06,6.060382474970538e-06,3.663900133688003e-05,0.0,14,3.0,1.1615396942943335e-05,2.5591545636416413e-05,2.759377457550727e-05,0.0,20,2.0
73,3650.0,8.138267730828375e-06,1.656641688896343e-05,3.964878851547837e-05,0.0,21,2.0,8.334213816851843e-06,1.2191232599434443e-05,4.346279092715122e-05,0.0,9,4.0,1.1024523701053113e-05,2.957009564852342e-05,4.203169737593271e-05,0.0,17,1.0,1.375189094687812e-05,1.7673875845503062e-05,3.107902011834085e-05,0.0,22,4.0,6.0898241827089805e-06,5.969428912067087e-06,3.617372567532584e-05,0.0,14,3.0,3.566437226254493e-05,3.598214971134439e-05,2.7415837394073606e-05,0.0,20,2.0
74,3700.0,1.0388838745711837e-05,0.000848352094180882,3.955070860683918e-05,0.0,19,2.0,1.465221430407837e-05,1.6306777979480103e-05,4.3452339014038444e-05,0.0,9,4.0,1.1759541848732624e-05,0.0004583727568387985,4.229775368003175e-05,0.0,16,1.0,1.0816344001796097e-05,2.0495726857916452e-05,3.084508716710843e-05,0.0,22,4.0,8.262171832029708e-06,7.271170943567995e-06,3.5666253097588196e-05,0.0,14,3.0,8.857192369760014e-06,2.4052993467194028e-05,2.723897523537744e-05,0.0,20,2.0
75,3750.0,9.231725925928913e-06,1.0662495697033592e-05,3.937632209272124e-05,0.0,19,2.0,8.30458702694159e-06,1.1700127288349904e-05,4.344095941632986e-05,0.0,9,4.0,1.4011788152856752e-05,2.7592695914790966e-05,4.214084765408188e-05,0.0,16,1.0,2.1257605112623423e-05,2.2910266125109047e-05,3.061208553845063e-05,0.0,22,4.0,8.793931556283496e-06,6.4566993387416005e-06,3.512006878736429e-05,0.0,14,3.0,9.28878398553934e-06,2.4755110644036904e-05,2.704183316382114e-05,0.0,20,2.0
76,3800.0,1.4755804841115605e-05,1.1832116797449999e-05,3.9271439163712785e-05,0.0,19,2.0,1.0151030437555164e-05,1.2298638466745615e-05,4.3423729948699474e-05,0.0,9,4.0,9.59928729571402e-06,0.00024078608839772642,4.214110958855599e-05,0.0,15,1.0,1.388409873470664e-05,1.8724607798503712e-05,3.0379025702131912e-05,0.0,22,4.0,4.327182068664115e-06,5.719874025089666e-06,3.454405668890104e-05,0.0,14,3.0,1.4928668861102778e-05,2.496277193131391e-05,2.6860134312300943e-05,0.0,20,2.0
77,3850.0,1.0188370652031153e-05,1.065275864675641e-05,3.917160938726738e-05,0.0,19,2.0,6.775873771402985e-06,1.1659312804113142e-05,4.340608575148508e-05,0.0,9,4.0,9.743721420818474e-06,2.023728666245006e-05,4.275745595805347e-05,0.0,14,1.0,9.287695320381317e-06,1.921425609907601e-05,3.0147046345518902e-05,0.0,22,5.0,6.377609679475427e-06,6.583530193893239e-06,3.393576116650365e-05,0.0,14,3.0,1.066190998244565e-05,2.382700222369749e-05,2.6669797080103308e-05,0.0,20,2.0
78,3900.0,6.030919394106604e-06,0.044843319803476334,3.907477002940141e-05,0.0,18,2.0,9.167025382339489e-06,1.4604864190914668e-05,4.338948929216713e-05,0.0,9,4.0,9.768997188075446e-06,1.7839291103882715e-05,4.288127820473164e-05,0.0,14,1.0,1.2045692528772634e-05,2.2389871446648613e-05,2.9911712772445753e-05,0.0,21,5.0,8.400079423154239e-06,6.386292625393253e-06,3.3303935197182e-05,0.0,14,3.0,1.0424560969113372e-05,2.438245792291127e-05,2.648417830641847e-05,0.0,20,2.0
79,3950.0,1.3521906112146098e-05,3.769589602597989e-05,3.8259873690549284e-05,0.0,18,2.0,1.26888626255095e-05,1.3449120160657912e-05,4.336787242209539e-05,0.0,9,4.0,7.908834049885627e-06,1.6485675587318838e-05,4.300662476452999e-05,0.0,14,1.0,2.0004623365821317e-05,2.978103657369502e-05,2.9711625757045113e-05,0.0,21,5.0,5.3478711379284505e-06,5.730325938202441e-06,3.264484985265881e-05,0.0,14,3.0,1.53095243149437e-05,2.5417952201678418e-05,2.6291116228094324e-05,0.0,20,2.0
80,4000.0,8.013497790670954e-06,1.2143614185333718e-05,3.772219497477636e-05,0.0,18,2.0,7.423838724207599e-06,1.1991933206445538e-05,4.3347397877369076e-05,0.0,9,4.0,7.830312824808061e-06,1.5205013369268272e-05,4.30796790169552e-05,0.0,14,1.0,9.953289918485098e-06,2.0118743123020977e-05,2.9523478588089347e-05,0.0,21,5.0,5.092491392133525e-06,0.00042985781328752637,3.195816680090502e-05,0.0,13,3.0,1.0713161827879958e-05,2.443820449116174e-05,2.6087258447660133e-05,0.0,20,2.0
81,4050.0,1.685555253061466e-05,8.367906957573723e-06,3.747065056813881e-05,0.0,18,2.0,7.6718697528122e-06,1.229821009474108e-05,4.332163371145725e-05,0.0,9,4.0,8.212321517930832e-06,1.6384354239562526e-05,4.3109339458169416e-05,0.0,14,1.0,1.023989352688659e-05,1.8532475223764777e-05,2.9325028663151897e-05,0.0,21,5.0,1.1390759937057737e-05,6.329693860607222e-06,3.0243903893278912e-05,0.0,13,3.0,8.95552057045279e-06,2.4970870072138496e-05,2.5896468287101015e-05,0.0,20,2.0
82,4100.0,9.64955961535452e-06,8.789354978944175e-06,3.727172588696703e-05,0.0,18,2.0,8.034307029447518e-06,1.2643959053093567e-05,4.3300504330545664e-05,0.0,9,4.0,6.926020887476625e-06,1.5116650502022821e-05,4.312970122555271e-05,0.0,14,1.0,1.5632245776942e-05,1.9642004190245643e-05,2.9118487873347476e-05,0.0,21,5.0,7.748188181722071e-06,6.4053710957523435e-06,2.923539068433456e-05,0.0,12,4.0,1.1819761311926413e-05,2.6656294721760787e-05,2.569798016338609e-05,0.0,20,2.0
83,4150.0,1.0234064575342927e-05,6.963403848203598e-06,3.7147357943467796e-05,0.0,18,2.0,7.343277502513956e-06,1.1711386832757853e-05,4.3272233597235754e-05,0.0,9,4.0,1.59067476488417e-05,1.7012514945236035e-05,4.312946111895144e-05,0.0,14,1.0,1.3228041098045651e-05,2.232138649560511e-05,2.8926870072609745e-05,0.0,21,5.0,6.305191618594108e-06,5.633692126139067e-06,2.8931635824847035e-05,0.0,12,4.0,1.3237744497018866e-05,2.492711973900441e-05,2.549962664488703e-05,0.0,20,2.0
84,4200.0,1.4376139006344602e-05,7.54986058382201e-06,3.701369132613763e-05,0.0,18,2.0,7.1252352427109145e-06,1.225039977725828e-05,4.325108602643013e-05,0.0,9,4.0,1.3865903383702971e-05,1.4298836504167411e-05,4.310032818466425e-05,0.0,14,1.0,1.800512836780399e-05,3.679694782476872e-05,2.872841287171468e-05,0.0,20,5.0,5.6131070778064895e-06,5.925603090872755e-06,2.8673432098003104e-05,0.0,12,4.0,3.293092595413327e-05,2.7383421183913015e-05,2.5320303393527865e-05,0.0,20,2.0
85,4250.0,1.1930665095860604e-05,6.901330834807595e-06,3.688175274874084e-05,0.0,18,2.0,8.498079296259675e-06,1.2389511539367959e-05,4.32221895607654e-05,0.0,9,4.0,1.595007415744476e-05,1.552667708892841e-05,4.3083782657049596e-05,0.0,14,1.0,8.941491614677943e-06,2.383783612458501e-05,2.8489987016655505e-05,0.0,20,5.0,7.481000466214027e-06,5.839869118062779e-06,2.8390928491717204e-05,0.0,12,4.0,1.2054069884470664e-05,3.121662302874029e-05,2.4990295059978962e-05,0.0,19,2.0
86,4300.0,8.364727364096325e-06,8.21690173324896e-06,3.67503562301863e-05,0.0,18,2.0,1.130946293415036e-05,1.2925951523357071e-05,4.319917206885293e-05,0.0,9,4.0,1.1521686246851459e-05,1.4270992323872633e-05,4.305129550630227e-05,0.0,14,1.0,1.172129123006016e-05,2.4684170057298616e-05,2.823811701091472e-05,0.0,20,5.0,5.320533091435209e-06,5.4609208746114746e-06,2.80929307336919e-05,0.0,12,4.0,1.2833728760597296e-05,2.9500371965696104e-05,2.4689972633495927e-05,0.0,19,2.0
87,4350.0,1.291968783334596e-05,8.298700777231716e-06,3.661309528979473e-05,0.0,18,2.0,6.290265446295962e-06,1.2031178812321741e-05,4.3171421566512436e-05,0.0,9,4.0,1.0570511221885681e-05,1.3378209587244783e-05,4.301573062548414e-05,0.0,14,1.0,1.5299188817152753e-05,1.855971095210407e-05,2.802976086968556e-05,0.0,20,5.0,5.459930434881244e-06,5.474109002534533e-06,2.778484304144513e-05,0.0,12,4.0,1.2252452506800182e-05,3.0351588065968826e-05,2.443607445457019e-05,0.0,18,4.0
88,4400.0,5.3140538511797786e-06,6.9459488258871716e-06,3.647043922683224e-05,0.0,18,2.0,8.551265636924654e-06,1.2872955267084762e-05,4.3145228119101375e-05,0.0,9,4.0,6.03076341576525e-06,1.3217643754614983e-05,4.2985702748410404e-05,0.0,13,1.0,1.5293018805095926e-05,2.11150836548768e-05,2.782911906251684e-05,0.0,20,5.0,6.515556378872134e-06,7.798014848958701e-05,2.7593967388384044e-05,0.0,10,4.0,1.0294890671502799e-05,2.662997394509148e-05,2.433962254144717e-05,0.0,17,4.0
89,4450.0,1.1386885489628185e-05,6.067444701329805e-06,3.6330457078292966e-05,0.0,18,2.0,6.445282451750245e-06,1.1939416253881063e-05,4.3118398025399074e-05,0.0,9,4.0,5.163240075489739e-06,1.2786560546373948e-05,4.29749270551838e-05,0.0,13,1.0,1.0677547834347934e-05,2.3282915208255872e-05,2.7630572731141e-05,0.0,20,5.0,1.3510285498341545e-05,6.958463927730918e-06,2.73276509688003e-05,0.0,10,4.0,1.1247746442677453e-05,2.7963853426626883e-05,2.4268656488857232e-05,0.0,17,4.0
90,4500.0,1.2958846127730794e-05,8.034378879528958e-06,3.618626942625269e-05,0.0,18,2.0,7.0039459387771785e-06,1.2661062100960407e-05,4.309150972403586e-05,0.0,9,4.0,5.934299224463757e-06,1.2710846931440756e-05,4.295315739000216e-05,0.0,13,1.0,9.247904927178752e-06,2.2296540919342078e-05,2.7435227821115404e-05,0.0,20,5.0,8.032216101128142e-06,6.814258995291311e-06,2.7212852728553116e-05,0.0,10,4.0,1.1499278116389178e-05,2.5846657081274316e-05,2.4190518161049113e-05,0.0,17,4.0
91,4550.0,4.632053332898067e-06,6.333669716696022e-06,3.606539758038707e-05,0.0,18,2.0,1.081934169633314e-05,1.3336924894247204e-05,4.306905611883849e-05,0.0,9,4.0,1.970026278286241e-05,1.3177625078242272e-05,4.291325240046717e-05,0.0,13,1.0,1.7398077034158632e-05,3.380314592504874e-05,2.7261523428023793e-05,0.0,20,5.0,4.812164206668967e-06,5.125319148646668e-06,2.7093547032563947e-05,0.0,10,4.0,8.556171451346017e-06,2.583897548902314e-05,2.4116234271787107e-05,0.0,17,4.0
92,4600.0,1.0834804015757982e-05,1.1480125976959243e-05,3.592266148189083e-05,0.0,18,2.0,1.3466460586641915e-05,1.5533190889982507e-05,4.304053436499089e-05,0.0,9,4.0,7.256528988364153e-06,1.2130587492720224e-05,4.2869105527643114e-05,0.0,13,1.0,1.2751415852108039e-05,2.6701303795562126e-05,2.7066116672358476e-05,0.0,20,5.0,5.629107818094781e-06,5.256508302409202e-06,2.693573151191231e-05,0.0,10,4.0,9.913147550832946e-06,2.564674105087761e-05,2.4038494302658364e-05,0.0,17,4.0
93,4650.0,6.3319057517219335e-06,6.3490965658274945e-06,3.577877578209154e-05,0.0,18,2.0,7.92894479673123e-06,1.2695067198364995e-05,4.300838918425143e-05,0.0,9,4.0,6.60730256640818e-06,1.1990884559054393e-05,4.2819468944799155e-05,0.0,13,1.0,1.2744165360345505e-05,2.2519736376125365e-05,2.688361200853251e-05,0.0,20,5.0,1.542462814541068e-05,9.998168934544083e-06,2.676749136298895e-05,0.0,10,4.0,1.1911177352885716e-05,2.4961163944681175e-05,2.395286355749704e-05,0.0,17,4.0
94,4700.0,5.568093911278993e-06,6.279226909100544e-06,3.5633220250019804e-05,0.0,18,2.0,7.334082511079032e-06,1.2229793355800211e-05,4.298573185224086e-05,0.0,9,4.0,7.06611081113806e-06,1.3021547601965722e-05,4.277036714483984e-05,0.0,13,1.0,1.0332188139727805e-05,2.2028572857379913e-05,2.6690930098993704e-05,0.0,20,5.0,7.110245405783644e-06,5.394425897975452e-06,2.6608950065565296e-05,0.0,10,4.0,1.1540816558408551e-05,2.3776634407113306e-05,2.3868655262049288e-05,0.0,17,4.0
95,4750.0,6.333447345241439e-06,8.983060070022475e-06,3.548956010490656e-05,0.0,18,2.0,9.565304026182275e-06,1.3947063962405082e-05,4.295392500353046e-05,0.0,9,4.0,7.30745205146377e-06,1.4483228369499557e-05,4.2739149648696184e-05,0.0,13,1.0,1.1298425306449644e-05,2.3654320102650672e-05,2.6500985768507235e-05,0.0,20,5.0,1.3981299161969218e-05,5.784043423773255e-06,2.644627238623798e-05,0.0,10,4.0,1.0680725608835928e-05,2.6234529286739416e-05,2.3789432816556655e-05,0.0,17,4.0
96,4800.0,1.573211557115428e-05,9.491382115811575e-06,3.534120332915336e-05,0.0,18,2.0,7.554772309958935e-06,1.2672076081798878e-05,4.292659286875278e-05,0.0,9,4.0,6.47873184789205e-06,1.2269895705685485e-05,4.2688661778811365e-05,0.0,13,1.0,1.1507860108395107e-05,3.072653998970054e-05,2.6336387236369774e-05,0.0,20,5.0,1.8717848433880135e-05,8.760098353377543e-06,2.629117989272345e-05,0.0,10,4.0,1.1151578291901387e-05,2.508918805688154e-05,2.3707529180683196e-05,0.0,17,4.0
97,4850.0,9.028650310938247e-06,5.6037706599454395e-06,3.520434256643057e-05,0.0,18,2.0,6.150961780804209e-06,1.2532444088719785e-05,4.289809658075683e-05,0.0,9,4.0,5.032805802329676e-06,1.2050000805174932e-05,4.263565642759204e-05,0.0,13,1.0,1.0091041986015625e-05,2.3168620828073472e-05,2.6146895834244788e-05,0.0,20,5.0,1.657391112530604e-05,9.322705409431364e-06,2.613672404550016e-05,0.0,10,4.0,9.449006938666571e-06,2.427813524263911e-05,2.3623117158422247e-05,0.0,17,4.0
98,4900.0,1.2578426321852021e-05,5.753816367359832e-06,3.506363646010868e-05,0.0,18,2.0,7.320701115531847e-06,1.4488136912405025e-05,4.2875271901721135e-05,0.0,9,4.0,1.2527139006124344e-05,1.1977885151281953e-05,4.2581996240187436e-05,0.0,13,1.0,1.9041155610466376e-05,2.571608274593018e-05,2.5958597689168528e-05,0.0,20,5.0,9.881140613288153e-06,5.867756954103243e-06,2.5993522285716608e-05,0.0,10,4.0,1.1021053069271147e-05,2.3258666260517202e-05,2.354085518163629e-05,0.0,17,4.0
99,4950.0,4.992384674551431e-06,6.233392014109995e-06,3.492064934107475e-05,0.0,18,2.0,7.477760391338961e-06,1.3222519555711187e-05,4.284454189473763e-05,0.0,9,4.0,1.0405313332739752e-05,1.351325772702694e-05,4.252107464708388e-05,0.0,13,1.0,2.516982567613013e-05,4.589950913214125e-05,2.5794497560127638e-05,0.0,20,5.0,1.0142935025214683e-05,5.7666989050630946e-06,2.5846302378340624e-05,0.0,10,4.0,9.372563908982556e-06,2.445183963573072e-05,2.3467275241273455e-05,0.0,17,4.0
